# Made in Blockbench 4.10.4
mtllib twigs.mtl

o topstick
v 0.37526436697312593 0.1754143260907861 0.7436220815091441
v 0.7910451771452556 0.07626441132827944 0.20515029738745505
v 0.38333538432881076 0.11587097517971445 0.760817954302498
v 0.7991161945009404 0.016721060417207667 0.2223461701808087
v 0.741928982644315 0.05954335091107177 0.17030412720664634
v 0.3261481724721854 0.15869326567357855 0.7087759113283356
v 0.75 0 0.1875
v 0.33421918982787036 0.09914991476250679 0.7259717841216893
vt 0.3125 0.625
vt 0.375 0.625
vt 0.375 0.5625
vt 0.3125 0.5625
vt 0 1
vt 0.6875 1
vt 0.6875 0.9375
vt 0 0.9375
vt 0.375 0.625
vt 0.4375 0.625
vt 0.4375 0.5625
vt 0.375 0.5625
vt 0 0.9375
vt 0.6875 0.9375
vt 0.6875 0.875
vt 0 0.875
vt 0.0625 0.1875
vt 0 0.1875
vt 0 0.875
vt 0.0625 0.875
vt 0.125 0.875
vt 0.0625 0.875
vt 0.0625 0.1875
vt 0.125 0.1875
vn 0.6047720875230977 -0.1442180578363735 -0.7832316859951843
vn 0.7858591120150471 0.267536966675322 0.5575387228929388
vn -0.6047720875230977 0.1442180578363735 0.7832316859951843
vn -0.7858591120150471 -0.267536966675322 -0.5575387228929388
vn -0.1291362776909582 0.9526936145771483 -0.2751339646936591
vn 0.1291362776909582 -0.9526936145771483 0.2751339646936591
usemtl m_f279c099-2ca0-2a6c-8e67-990203ad467e
f 4/4/1 7/3/1 5/2/1 2/1/1
f 3/8/2 4/7/2 2/6/2 1/5/2
f 8/12/3 3/11/3 1/10/3 6/9/3
f 7/16/4 8/15/4 6/14/4 5/13/4
f 6/20/5 1/19/5 2/18/5 5/17/5
f 7/24/6 4/23/6 3/22/6 8/21/6
o bottomstick
v 0.5836204302309769 0.0625 0.78673502571755
v 0.3698578406524339 0.0625 0.19942713772635723
v 0.5836204302309769 0 0.78673502571755
v 0.3698578406524339 0 0.19942713772635723
v 0.3111270518533146 0.0625 0.22080339668421156
v 0.5248896414318576 0.0625 0.8081112846754044
v 0.3111270518533146 0 0.22080339668421156
v 0.5248896414318576 0 0.8081112846754044
vt 0.4375 0.75
vt 0.5 0.75
vt 0.5 0.6875
vt 0.4375 0.6875
vt 0.125 0.875
vt 0.75 0.875
vt 0.75 0.8125
vt 0.125 0.8125
vt 0.3125 0.5625
vt 0.375 0.5625
vt 0.375 0.5
vt 0.3125 0.5
vt 0.125 0.8125
vt 0.75 0.8125
vt 0.75 0.75
vt 0.125 0.75
vt 0.1875 0.125
vt 0.125 0.125
vt 0.125 0.75
vt 0.1875 0.75
vt 0.25 0.75
vt 0.1875 0.75
vt 0.1875 0.125
vt 0.25 0.125
vn -0.34202014332566866 0 -0.9396926207859084
vn 0.9396926207859084 0 -0.34202014332566866
vn 0.34202014332566866 0 0.9396926207859084
vn -0.9396926207859084 0 0.34202014332566866
vn 0 1 0
vn 0 -1 0
usemtl m_f279c099-2ca0-2a6c-8e67-990203ad467e
f 12/28/7 15/27/7 13/26/7 10/25/7
f 11/32/8 12/31/8 10/30/8 9/29/8
f 16/36/9 11/35/9 9/34/9 14/33/9
f 15/40/10 16/39/10 14/38/10 13/37/10
f 14/44/11 9/43/11 10/42/11 13/41/11
f 15/48/12 12/47/12 11/46/12 16/45/12
o bottomstick1
v 0.4204635266986615 0.05625000000000002 0.38457608206530924
v 0.2901817823121431 0.05625000000000002 0.3238247069400838
v 0.4204635266986615 0.006249999999999978 0.38457608206530924
v 0.2901817823121431 0.006249999999999978 0.3238247069400838
v 0.2690508692251081 0.05625000000000002 0.36914009629191635
v 0.39933261361162653 0.05625000000000002 0.4298914714171418
v 0.2690508692251081 0.006249999999999978 0.36914009629191635
v 0.39933261361162653 0.006249999999999978 0.4298914714171418
vt 0.4375 0.6875
vt 0.5 0.6875
vt 0.5 0.625
vt 0.4375 0.625
vt 0.25 0.75
vt 0.375 0.75
vt 0.375 0.6875
vt 0.25 0.6875
vt 0.375 0.5625
vt 0.4375 0.5625
vt 0.4375 0.5
vt 0.375 0.5
vt 0.25 0.6875
vt 0.375 0.6875
vt 0.375 0.625
vt 0.25 0.625
vt 0.3125 0.5
vt 0.25 0.5
vt 0.25 0.625
vt 0.3125 0.625
vt 0.4375 0.75
vt 0.375 0.75
vt 0.375 0.625
vt 0.4375 0.625
vn -0.9063077870366499 0 -0.42261826174069944
vn 0.42261826174069944 0 -0.9063077870366499
vn 0.9063077870366499 0 0.42261826174069944
vn -0.42261826174069944 0 0.9063077870366499
vn 0 1 0
vn 0 -1 0
usemtl m_f279c099-2ca0-2a6c-8e67-990203ad467e
f 20/52/13 23/51/13 21/50/13 18/49/13
f 19/56/14 20/55/14 18/54/14 17/53/14
f 24/60/15 19/59/15 17/58/15 22/57/15
f 23/64/16 24/63/16 22/62/16 21/61/16
f 22/68/17 17/67/17 18/66/17 21/65/17
f 23/72/18 20/71/18 19/70/18 24/69/18